17137
10727
6761
17188
4193
6004
18318
26188
12976
22424
6410
19572
24816
12265
28250
2354
15975
1763
11240
12429
17590
14140
10221
6544
23695
6746
1466
12166
6393
12889
27183
5255
1220
12925
19548
2352
23712
27567
21290
5910
26727
8331
3655
10674
11004
5353
6281
1194
27617
9106
9923
18423
1368
3031
776
2857
9796
24820
6901
819
21513
1756
16343
16371
3292
24557
5162
27881
22953
14710
19848
13409
10200
15302
4349
2817
2538
8243
46
15635
25939
23130
18906
18147
19728
21510
3372
10733
1984
25068
12396
8950
22567
17433
13698
19996
27600
25295
28665
17731
16006
29117
15230
6131
19655
23605
26141
26435
15125
540
26879
182
23332
26749
19298
18138
21894
8528
10237
17693
2485
4382
28697
13855
7376
14589
1799
26356
16514
20906
28156
8752
11734
20205
13276
20480
20900
2504
4342
16875
2065
7686
1716
21609
1085
25088
10602
14199
2894
10547
13710
9602
24001
23760
2962
6505
26203
22743
25247
4340
28473
17702
12117
1187
17066
14863
10673
15068
24726
6141
10744
10628
27377
7608
20907
2159
14499
1238
700
9293
13702
8517
22316
4754
26684
2374
19593
27060
26109
7024
3713
27405
19020
23352
10785
27724
12752
5427
29603
9390
24180
29531
5216
23864
10136
19341
23190
1921
28589
25881
27363
17503
1348
20602
12736
889
24457
29256
11349
10176
24026
8422
9608
6178
19915
29062
6548
6110
6576
896
5793
22932
18675
29684
5078
18273
15025
28658
12801
5391
9369
25777
16279
9042
3993
15647
12679
138
15661
7592
15724
25129
23531
8536
5387
12723
11345
18126
8366
20305
29034
16401
24955
9710
19933
6837
27242
29211
24092
5681
19738
7208
15723
6124
614
21316
25956
12382
29652
6907
23046
26645
1604
25734
20338
13806
15523
11500
12213
15841
15207
25210
26469
15900
22635
13233
24765
10801
28127
21150
14723
29492
22176
22073
6866
21778
27087
1050
27706
19371
20626
13677
18093
6287
1194
25075
21501
14244
28109
1991
13509
15787
3518
9929
26671
3130
12449
16903
29688
27436
6351
25433
28820
24731
26022
3847
10386
2347
3572
22455
15820
10711
7603
19741
14674
9151
22220
20033
3327
11658
1124
18019
9779
7481
13713
4606
21932
5791
17729
14840
12381
233
13196
5333
8200
25189
16629
18827
5876
16149
13226
26464
7893
12456
24081
7874
17044
5400
25404
10630
2994
12359
18336
28736
23670
390
20681
5799
4572
27980
21559
18137
14966
2016
25842
3419
11195
19393
7649
28203
19148
28039
138
26012
7415
14800
27416
13925
17179
5115
12214
9163
28893
29374
9860
26295
18563
29317
23328
15420
19914
15859
10210
11545
14137
1761
28378
16219
15464
23182
22040
14696
22037
6097
11497
12377
3605
24995
2084
4342
26437
3295
27887
24155
14665
19137
12366
15206
14295
6153
8134
28227
11727
1571
4980
25590
13121
21536
15587
1204
12025
4275
20223
18374
12785
2195
21296
27573
11211
6007
28841
26631
6562
22480
4720
4104
11963
7684
23926
8359
963
2996
11734
12866
15130
20400
7425
9118
10469
8554
24504
1055
15486
3834
378
6647
22020
11417
10542
27796
15267
15924
4780
17736
15027
27988
644
26039
6916
1330
8521
14743
25817
21633
27525
21477
21953
26166
22994
27266
10696
7343
28744
10253
5496
20014
15900
13445
29312
15359
19007
2931
15811
23099
19290
5356
9704
770
8065
23881
5310
26849
5188
3832
18238
14397
11296
22844
13567
29864
28057
19871
1739
17035
10609
18966
24399
28513
4997
22569
15321
14288
3491
7106
7566
12035
20908
27189
17878
2882
7977
1607
11471
16136
26821
11656
27800
21388
882
14108
26159
26555
15336
5302
4270
28773
15964
9238
26109
5104
17438
231
14527
3170
27611
25306
29580
5019
20076
23104
24595
10575
14356
26219
5871
367
3616
13551
20421
19054
4839
6030
23491
25484
12734
24721
27831
18234
26888
8490
1186
25170
13448
1766
3547
26569
18113
21039
29827
14488
2792
15248
15341
10001
3820
15522
26436
28651
26166
28592
27597
5154
5144
16812
12096
18452
559
21780
8810
28264
27100
5318
3131
5222
29753
7527
42
27407
2715
60
9773
1148
20159
21075
8061
10534
15567
25697
8568
6171
3206
20695
3728
5073
28920
29469
23953
21422
12148
2744
15254
26644
5156
12602
882
1414
7774
12959
27202
14595
4458
15144
13895
2827
18834
14312
29519
20717
16580
3690
28875
6821
9007
1412
6519
14514
4178
17761
11614
24375
12896
12039
13517
3956
419
22917
22533
53
18967
27855
18824
24533
27596
6917
9170
29071
27379
8848
20982
1813
27116
9398
7620
25333
15413
19399
25476
13552
14594
25669
794
14403
22668
28241
21740
26582
26806
21247
5257
25090
2315
29786
9975
11469
3
5746
29516
6489
23501
10561
18251
23987
11462
22664
24872
23894
13531
21563
13488
7061
8298
15443
5421
27042
16629
5482
5177
19807
9306
10006
26437
7618
18965
6716
28232
11740
17097
19675
202
29834
7201
2067
21021
10093
28958
10072
5370
18261
72
20889
16488
16501
25692
9187
20149
856
9456
15296
8343
16046
18269
1365
1017
2351
19015
13795
526
26860
2303
13421
7216
3826
24815
5401
16582
12087
310
26551
17103
8365
23333
15950
26208
8078
1292
29010
15333
20253
7956
23889
29012
13192
6475
21879
55
16099
5448
19331
20551
496
29021
23425
6589
10718
8954
27628
22850
15049
4160
6782
28595
8405
3834
7094
21012
12265
24589
727
9458
1552
27082
9839
9040
28070
23971
24424
5495
3238
10217
4944
1776
24294
29134
3956
8688
8609
19346
24389
15740
3836
8939
11411
9904
11437
4599
4310
29821
29700
24939
26115
24036
7285
4349
17229
17029
18
25682
22434
16139
13166
17479
4896
21031
7587
13028
19269
2464
15492
29570
16363
25870
7333
14991
13063
2331
23455
6088
11775
24125
8440
5474
18727
25965
3745
17640
9203
7829
9582
6796
11448
9843
24756
28972
9602
17689
25954
6140
16820
24664
14049
24699
13677
29606
15339
21968
17166
21839
1963
10777
4084
13073
27589
1035
8255
22339
6776
11425
16965
13869
17327
926
22954
16915
22801
16547
18325
3426
13663
17031
6536
29006
12186
4826
3227
9438
23057
16504
22574
21186
14041
12389
29150
26655
12293
15128
18454
22731
805
6363
29188
3331
7765
16040
25547
19727
1448
16840
16042
17567
14970
21980
1132
20304
4309
29507
13944
18695
8212
25155
17002
15767
28903
24763
2794
1972
15099
10909
13614
3928
6115
27312
26871
20155
13403
13166
18383
23537
29627
23108
9500
23027
19285
11098
2497
18572
28347
18084
4981
25593
5775
7619
22255
28164
19941
5388
20009
7584
28685
1186
18593
12134
9362
4737
28617
20886
3907
2874
1945
13521
3473
19191
17443
27827
25217
20974
19121
18070
3513
10921
11832
1626
25316
25228
24274
16413
1272
18570
27909
10954
4951
12448
7403
27626
12332
24510
11339
23347
15382
4525
21108
23021
733
20646
22
27202
18467
18838
9584
16328
23808
6529
25381
29280
5965
9710
12977
10977
13772
23259
15346
13967
5488
27916
25344
26879
3943
11117
21403
12157
24768
3300
25510
27997
22180
18009
12386
21296
28609
13250
7100
8113
12267
19597
8881
24098
3994
17226
26911
25434
15595
20514
14224
1544
18401
14619
19704
17146
20486
29257
11190
6084
4359
10000
12235
12694
5000
17222
27452
3435
9721
16309
20108
19378
10949
14913
7861
16070
28014
22685
7702
25870
22199
5626
17477
18338
26509
19489
24006
28501
9110
18844
16103
2227
21430
28614
15784
11521
3188
12196
12853
23997
9894
22391
23930
16149
11667
2191
7965
15364
16795
19325
19317
3989
852
9885
8733
28516
11908
19488
20810
18346
19552
28399
26986
22041
7992
6672
20372
22137
9926
24529
7067
14858
14604
18405
28472
3396
2462
6791
5718
17392
4696
18573
7130
18932
14635
6992
28662
23628
1903
20748
8075
3373
19100
1856
22985
4197
25656
23359
19510
14749
6958
15373
29725
19431
18950
10578
26986
28844
4816
21344
7227
12209
9715
25177
11782
12806
936
29129
22996
3559
21306
1743
14068
13989
5812
3749
29836
9274
20616
10414
27907
22625
15955
14442
21101
3290
13763
22759
20888
16758
26613
13266
29802
13254
19158
2608
12861
14922
9439
27665
27233
25573
26100
15480
15834
6209
14962
27810
8581
1290
13751
10790
665
28813
16873
1182
5779
10372
20577
21244
15625
16689
5835
3179
1518
420
27923
23741
17377
29751
14599
3524
13019
6436
13474
15715
16219
15995
3742
3957
9714
1071
20843
101
4786
24074
18302
3072
15499
19777
10476
21135
2600
12170
7
19225
23696
2465
24402
21809
18044
13581
7619
2187
11212
12628
23220
22191
24445
1074
19196
18688
7755
26448
17914
5829
27984
11022
24810
6091
26188
28146
21795
29211
2153
24388
6379
2283
21325
3761
28997
26622
16367
14897
22907
18357
16623
3645
15504
9900
15242
15199
4403
13870
1262
14300
26675
29318
9795
29481
6277
22320
14162
12626
11702
18328
2593
15802
27853
7081
26404
20366
20264
1070
5534
13456
24034
5261
19438
3378
29996
17372
1538
9886
7894
28922
3260
9429
5100
25527
19997
8049
4220
29697
26516
29424
26636
8343
20290
28734
9651
24205
29216
451
3656
12897
18111
13091
24185
3606
28320
24587
11374
8981
25695
28603
1325
11404
27108
5264
8108
15569
29335
26872
113
8927
10692
12943
16622
28558
25814
3915
21724
8013
12537
14047
27902
6740
13545
13212
6094
15180
10188
1452
6192
16277
24308
28424
10376
21001
22796
21413
3374
17018
7549
16631
10701
2526
18221
10507
28443
6691
21138
13992
11911
5440
3767
27136
13990
1456
10466
24024
16479
26110
1682
15220
26116
3347
1556
4139
3902
1904
18668
13042
17242
16987
3706
18740
5295
1029
17649
27671
12687
19368
12888
26998
14824
10707
9998
25078
11774
7707
28803
20456
29963
14754
17299
17931
12525
11188
16103
9834
6328
8592
3575
17096
25771
2984
13837
1756
20077
1336
21646
9114
9660
19140
16650
24779
21496
10924
1004
20366
29195
10833
6693
29799
17495
19254
9218
29229
7484
26117
26564
2919
28275
10
14463
10347
25887
6541
10883
28993
4380
12210
3289
124
9162
13020
17334
11390
4750
27596
15168
19730
19122
3985
7204
8054
24255
9735
13794
11266
6081
7191
516
5632
10444
27151
24382
4291
1654
24612
1937
12359
13973
21924
6525
23665
9132
17552
20592
16443
25329
19022
13335
25565
8806
26541
9859
29996
2058
145
19744
6683
15129
27661
2066
28991
5725
19027
5930
1870
10668
13749
7798
27393
16329
3053
15818
18028
18167
15391
284
18421
13756
18598
5591
26702
26955
12793
21965
27945
11243
24751
23002
14686
3240
5444
2978
14215
14563
22044
5129
11032
15565
2050
9829
4518
12890
29422
19974
75
16896
18417
27013
12949
22937
14017
15985
23511
23425
5905
14746
24246
27062
24285
13259
10198
27263
27621
2350
16599
28558
7781
726
10132
15640
3880
29115
11504
13327
10193
15140
19058
13230
12369
22697
1034
6516
2361
20160
12344
6530
2145
29281
2466
25554
16728
27183
1110
10092
23953
19849
16861
27307
14155
13924
165
13593
22369
22933
2142
26784
16107
21993
6036
26476
7998
26212
2255
7960
26102
20934
4307
22961
10395
17249
2295
3918
27755
13316
18601
24835
4431
7497
4935
3496
4993
3546
8834
12387
4672
3516
6130
25118
12871
12101
13870
15322
3752
25078
17922
25391
24997
6800
3379
25336
11928
1476
3165
10372
5820
3651
25561
20359
5838
25012
21239
1221
3005
11625
1455
27222
5021
4135
25169
13138
6698
28465
22806
4682
24976
28204
19194
17166
28873
18354
18856
2354
15463
1285
1575
18509
6891
6894
28089
23195
2342
3713
20396
2565
1141
4428
13703
7633
533
27473
10266
10822
16986
5242
16644
6413
14642
4692
5156
3188
16327
7659
7136
26575
12490
7659
27125
21141
3837
28397
15078
20814
5110
13961
22415
7409
27368
23904
11184
14694
4801
21315
25257
22542
11160
21648
14495
18900
10597
3687
25857
6967
24311
15537
27839
24812
27875
23197
22270
28639
25459
21776
10894
21268
5942
1178
26340
21485
17824
4567
849
8350
14255
16533
11532
8267
26647
15042
13119
505
24342
20286
5314
3425
13621
21788
29264
6145
10725
1881
20775
16763
10172
27209
16128
4201
19938
25396
1354
27676
23386
20806
19247
9862
12299
22380
8977
21769
15010
18183
4854
11889
26322
12506
9471
7432
15282
23339
28183
12545
545
3653
9887
18985
19335
1414
1444
18223
2175
29384
344
15555
14628
19625
12606
24365
16219
24093
8123
20812
23227
5673
26129
2189
22753
24299
14119
18097
2835
25329
8965
17123
13652
8784
1215
18302
15229
14301
29514
19656
13422
20312
20930
24165
20182
13812
13757
8552
1865
7789
18509
24346
7116
24581
11561
4078
28966
9626
27782
13797
15520
20113
7044
24992
24870
7058
25323
13546
28683
17312
10026
7642
19866
19980
18954
3046
13493
539
887
18467
21108
27682
8252
1676
11915
24239
8641
2679
14271
2585
14560
12939
7355
29203
1714
1746
29501
16758
5030
5182
11351
8431
2795
20625
1868
8595
29428
16497
12977
10394
23139
12419
17068
586
29833
18639
15001
229
18006
3356
13353
18594
21934
5483
7121
13140
23273
4559
20563
18454
2430
5599
17632
8888
3945
9191
26740
27109
19947
26087
20575
1835
8033
14014
12115
22741
7089
25762
15769
17533
14292
13364
29183
1626
18532
10188
4234
24290
9486
20896
16302
28597
14611
28893
11247
16526
10191
20285
551
3107
1556
16406
23705
6083
15736
20302
23649
23927
8421
23421
27647
7885
12582
12373
12457
12504
26853
2610
25531
17572
26398
9848
2987
27923
23092
15145
1453
10859
16190
17788
13946
5253
22085
29055
15615
27437
25160
42
22648
3898
1209
18984
17269
16279
15428
16852
22561
13248
25960
28845
27935
24119
28477
11078
17962
29651
11972
4187
13920
24804
19999
14464
6997
11287
26943
29883
19129
14024
16902
27084
9989
26109
2436
952
15793
11676
5471
13328
15050
12472
29123
10005
12038
12862
13093
6390
27988
2496
29784
3863
1239
28101
21595
20276
28075
14577
22369
14462
8800
3976
8012
23870
15546
13754
10532
5092
27368
26881
28637
15510
20663
16844
21433
2444
11568
25051
14335
28908
7850
23480
10068
17782
8096
27400
29504
2062
21746
4233
16150
6810
16453
12038
23606
49
5060
23103
3419
17555
19747
12598
22928
20272
10849
13594
12371
28722
3763
26700
11158
24880
24234
15552
25646
7561
6080
8036
498
19590
686
13765
20796
26346
15133
1604
20308
21210
9781
19154
17771
0
12049
20673
7790
27517
4826
29083
8337
4312
25635
3966
4877
23091
9887
15010
1616
14563
13150
2484
27390
12969
16627
13303
14175
8102
16443
17185
16532
12737
13887
8578
24485
21693
4677
11510
19073
18895
13160
8417
10146
15053
1146
16453
10987
26904
23042
23727
12050
6125
2742
491
9908
6430
5322
20367
22615
21158
6293
12302
24594
13773
4672
4975
5367
3613
6372
20668
14575
401
12865
11130
20481
335
14265
13450
10322
3905
17122
1185
5410
1282
7534
15889
23656
23483
531
24198
11459
20343
4036
17819
9673
26307
20510
21434
6019
19541
23424
9637
5174
3826
29029
17906
16302
27041
22940
28095
24549
18177
5716
11314
23668
10975
12847
25084
22164
28427
12037
8637
18086
16151
20007
5691
10590
14377
1591
15398
29944
29148
26030
15800
6538
2089
7966
23367
21230
29217
18958
14475
1006
10184
7823
29126
141
17761
14706
2232
27022
29237
2679
28561
2390
17926
16460
3154
17438
8388
28436
10831
28863
18068
26799
16564
6436
23426
6885
9909
22875
18494
18703
2647
1859
19273
28380
22171
21039
10009
17545
6087
11098
26816
9414
24878
29727
5269
6906
22342
11041
29552
3174
22693
4240
19967
16403
2680
22616
29451
25088
27600
20137
249
19822
16593
22615
23799
29055
21779
15715
25591
16558
3536
29846
5612
3396
23066
21311
2694
8845
324
29247
29440
18605
8716
25017
5608
11386
5737
26288
22083
1687
5125
5466
502
28781
10108
24953
13857
24313
19123
640
10062
9699
14805
15697
10605
14087
10282
17082
2534
14899
4588
5066
9653
20028
13492
26561
13899
19107
4838
16176
4343
24852
26788
17074
8570
24319
15612
18904
11642
17767
1073
22073
14336
24339
25354
535
25660
22381
16009
6025
21074
27343
28939
21632
6612
4846
9854
5825
29941
24848
27457
18170
20009
17572
10571
6123
445
21806
10894
29362
24418
3783
20867
22454
26852
23556
9446
1264
28245
27762
21271
28964
2939
21034
24834
9010
16462
24942
22575
27716
15066
16051
9474
25553
17153
24946
2248
13860
27931
13497
28789
21927
5108
19377
18575
5505
25231
7089
20394
3455
25522
4479
11399
28801
8717
29740
3150
7836
25096
6834
9359
27674
13864
28726
29385
14821
531
7998
20548
13721
28510
9681
14775
13091
15501
21376
6377
5037
22431
21929
2495
28083
26798
1743
7343
3224
10831
10864
11369
24791
8297
4595
24146
25466
23210
20986
1705
22085
7849
29013
8380
3395
960
15737
17512
19756
7076
23854
3641
22474
2385
7564
29638
26348
27351
12954
553
24878
2641
13571
1208
4913
6989
553
17719
15185
28272
8745
14533
25063
14890
3395
25108
1843
21705
20075
7304
13088
14441
840
6807
8087
140
873
25589
7579
18612
18946
16406
23994
15804
5311
21670
25748
22620
18763
10611
26466
10522
28558
6313
5652
24517
23054
4881
26287
26922
7990
27488
11708
26394
19303
9074
20931
11481
25664
968
25236
9729
10257
21187
8476
863
1738
2526
8328
17646
26252
23328
11907
2731
2613
26764
28092
24532
6310
26022
4157
5372
16406
3760
29220
29594
17409
24895
12510
17056
11864
11887
5980
15485
3425
17629
16454
6086
5033
13224
9996
6145
27034
18861
25706
25963
866
16994
17712
9413
9323
26462
24990
16988
4519
6426
11071
29857
23048
14275
29133
15981
29359
5288
6843
25590
6302
14005
26296
9543
5622
22236
4056
9540
3906
22517
18508
13555
15329
23794
5263
20907
14050
243
17304
22199
5341
20580
15751
6067
17642
21870
7995
23948
11475
15944
15478
338
7396
1776
19079
19428
2290
11826
1270
12444
23010
14046
13457
7093
11507
23107
11838
12503
17720
63
5425
16995
3138
19221
25326
21697
217
5899
21963
20820
3119
10149
28498
27635
4234
16794
28528
7621
25700
13253
18182
23620
6173
27079
18471
9382
1979
27684
9377
2760
18835
20880
1275
8736
1776
24292
312
28957
26756
1853
28075
12721
18556
21085
2895
26386
25751
29055
13402
21492
306
17399
27280
17056
26019
20861
19714
19399
7133
13916
1757
22511
4692
19573
26121
27708
28951
20647
13874
10556
29825
6012
4748
13614
3843
20869
25554
1257
13701
6014
17359
8952
29662
15834
24000
8165
28855
19301
11289
24251
8045
12843
1469
20929
15436
25656
7289
9409
1333
7956
378
24078
3463
13765
12698
21375
8908
24277
25843
23804
28087
14451
1265
1740
10136
7301
15555
10092
20326
22319
16137
23116
26506
20347
6884
15463
29627
28045
14836
12591
5596
25534
3259
13977
28359
17738
14575
3359
14281
19156
6296
14959
11626
15890
22977
11953
28020
14640
6613
5146
8853
4495
23153
8179
17204
11523
25095
20638
16332
12882
13181
8032
20351
15097
7244
6193
2296
10725
8299
26452
27466
8503
26383
3901
28223
576
29577
16823
25033
7135
26797
6344
21837
16034
5499
7559
7045
14230
5361
10730
18750
17413
12698
3061
23981
16458
29893
10380
20862
8421
9115
6629
13969
29235
14355
8274
479
25004
27075
16732
7232
13294
5034
14079
29634
11023
5149
25234
16631
16819
28119
21294
14346
4920
6275
6819
23370
21139
7495
4751
13451
16962
15360
22986
7971
12633
22192
788
11222
18006
12567
1470
2311
19059
15728
2895
2313
18001
28624
12946
18881
25048
14595
14576
16521
25708
5827
1260
18528
8926
282
18548
29517
20274
2935
11282
27651
11466
8620
7181
14050
389
13860
19735
20309
26444
11782
13387
24180
7829
8952
9113
9804
13165
21998
3779
12799
19149
13772
22903
8125
2343
11988
27116
20119
2215
23489
21957
20154
28800
5224
20548
17914
13127
11547
6876
2709
17600
19441
4219
1076
13870
28834
9722
26415
24185
29294
1203
24534
21776
4471
10314
20911
4061
8746
4609
29729
18537
1320
7658
1210
3473
20647
17034
10714
9116
28558
15878
14937
19321
29986
19252
25454
9467
10018
6219
6805
14334
8574
15247
3152
16437
20624
2345
8040
12240
2317
29300
3317
3638
23978
25242
14406
27271
27869
27906
26918
23471
12158
26590
7260
12961
23250
24797
4221
7732
23891
25391
17361
26678
27002
21290
27905
7496
9634
12098
1295
8789
2651
6518
3710
17129
1590
27283
15095
28761
19577
12974
14211
7389
3418
8191
29086
4802
17981
1979
4359
8633
8276
6237
22123
18935
4355
11419
10156
7101
14921
11649
12208
25570
4796
14195
14224
15202
29880
8064
23964
18821
26619
398
24160
561
9135
9906
11654
1834
14036
9221
11320
18394
15442
8837
19306
20458
11141
18046
29179
7493
17211
12499
17080
3522
25128
26038
1567
1801
1919
9066
25247
12841
24543
27850
21911
27138
11222
24954
4130
27971
21410
19846
15191
6191
16324
20208
19956
3410
12309
6376
24495
14379
10769
16777
12894
29716
21929
17307
14017
4604
13571
28945
14583
4606
13227
20045
19899
255
8556
2748
8102
15706
11103
29797
19635
23159
25958
2154
3762
23105
1543
10751
29718
6358
29613
4181
9138
7344
15297
18224
29878
10797
17655
3004
1529
6856
14585
7643
10590
10108
16286
24334
25462
8177
12823
468
18603
18703
25120
16108
17014
12537
1143
19856
2936
15396
18669
29661
515
3636
1388
9987
21201
27668
1822
17156
11716
23534
3372
12516
13244
20584
7603
26064
4705
26678
14522
11660
15826
29108
23183
19967
7714
26089
2491
15799
18604
13364
14903
26847
25556
700
5998
8407
7785
12998
15134
21380
13654
28701
26060
4381
9698
9451
22969
16528
606
8594
8774
9649
12066
3461
7178
11921
12825
17420
12099
2049
25972
9626
23403
22216
26134
24305
22483
20163
26446
20252
28365
17670
25190
27142
12818
3804
24179
27095
11812
21710
22315
10767
20983
5376
5159
1874
2074
26266
22680
6526
8253
5249
29028
14681
23426
25005
2872
5578
29008
6672
569
3585
3002
17469
24609
1645
17557
16565
2132
8820
21677
13399
4834
3286
14427
17746
17820
1013
17259
26219
17532
20994
3232
5890
12971
4865
29408
27858
1452
20646
10140
20575
4920
17647
3964
23610
11387
1965
1079
24394
13082
15694
29837
15838
8903
18720
17143
17053
18219
11927
14244
8723
11257
6420
16122
22861
22196
23098
11934
13229
4821
23194
27770
19845
10742
17190
11032
21734
21589
459
12304
17080
12509
18959
2370
15613
4281
11764
5647
3519
18341
15193
566
6237
27200
21019
1206
6855
14821
10697
23664
10511
16296
14966
26376
4506
26121
21486
13983
26206
22918
9411
2580
20932
17750
22987
15697
19790
1424
14327
10480
25946
5111
28350
24909
526
21177
9412
16952
7650
18718
15233
5227
8924
18569
9182
17617
10973
16625
28548
16443
15528
4417
25032
8086
18623
22933
1796
5570
7284
6562
1046
8607
5493
19295
20652
28435
3444
6617
10582
20574
256
4079
9455
6071
11128
3608
11894
29271
9011
11216
24150
23449
12237
5804
23136
25318
15394
27916
24120
28538
28482
25180
20227
7636
9564
7177
20117
17325
19701
6860
5030
23193
14925
27505
26254
25275
2591
28458
6273
13497
16306
18436
10658
27718
22299
11478
21502
14655
26621
16271
12032
861
18103
8886
5220
6884
814
1
7885
1531
26630
29598
16091
20569
16036
2613
24695
27327
1696
11940
14815
29444
25656
7870
10665
9630
28992
24152
13913
17025
1760
17273
18123
9888
26296
689
1221
271
6279
6201
4878
14739
15940
18466
438
14432
24837
12171
12095
27854
25587
7245
14488
25194
29780
1872
429
25922
26286
3146
872
8640
29648
26924
16237
12900
12987
13669
12504
6059
1608
21386
5764
20542
22469
6785
22772
19389
21064
6754
17159
24318
16760
5438
19803
14030
8745
22581
28114
12094
16714
12330
12006
18832
180
12996
754
18409
464
18047
25083
18414
5434
21118
15231
19826
4923
8447
9679
10427
28422
14924
19171
26674
15394
4841
18817
58
15003
29193
21840
3522
18726
22708
15138
15962
27347
19096
19439
14922
29209
21653
9805
15818
8837
11446
21560
14367
13607
20954
27675
5987
8930
9936
28241
22987
22428
1337
17061
28149
11055
10518
22535
10284
8555
14653
27047
26427
28645
22760
4835
22159
21962
18794
10870
11308
24948
2226
12507
21636
152
5601
20428
1645
1146
17963
1600
15011
18376
4552
24408
13226
14729
7807
16592
10701
21550
4794
20908
21743
5850
12566
19217
9744
21042
2518
4782
9550
3654
8205
18483
5816
4232
9813
10162
9355
7239
2849
958
18725
2888
4951
29855
23885
27068
22849
13330
18582
8025
12550
5405
8720
22159
29268
28097
28342
3896
25279
24731
5761
16426
2889
18047
10035
12271
26624
28238
7300
3951
22379
5913
14838
10049
26820
9252
15349
27849
6352
22264
29183
28585
11307
20529
7721
10699
5962
27290
28272
11897
23000
25402
11447
6266
20174
20700
24800
13148
26309
29913
25312
2407
11081
28412
14247
24423
12159
10948
16761
23704
1580
5169
8880
23946
29251
5057
24006
29405
22266
28524
10567
7388
17529
13218
1998
17766
28754
11981
27651
25891
25163
18287
20889
21801
14546
3274
13458
22840
461
4370
7813
13869
8282
27964
3546
14257
24846
707
27163
17263
27531
8614
15507
13959
22504
7007
11104
22288
14308
15872
29023
24359
26428
2419
10792
21954
20268
9759
4972
6923
19400
16536
9709
8550
1883
27389
20647
22900
1959
17970
13624
26919
8068
17190
23603
14972
27607
24102
27010
13262
14452
19507
19316
13924
28369
14630
23230
19724
19
29199
27629
11355
1409
1493
15467
24895
2952
17489
42
9794
19637
28631
17271
18659
13408
7970
24051
15329
16221
16870
5617
26599
1470
15182
12179
5138
24499
21982
5631
14302
28736
3677
1908
12898
11162
27686
14552
15598
1939
906
8498
9182
21530
9963
23121
10755
26575
8604
25637
11476
1484
14673
15402
11219
17814
24673
19007
19400
10950
16941
2999
6358
14935
769
25200
25139
18952
18255
6848
15110
24197
19972
12916
6920
9962
25599
9102
1175
23391
14055
25113
4659
5742
6255
19187
14703
9383
861
29643
21606
15995
2213
21853
6068
17652
19331
2029
3993
14969
19268
20969
8473
20263
2612
27263
22250
9651
28088
10914
5662
25800
8551
8025
12412
28401
27561
27741
9054
1572
11654
14295
4800
16720
4767
14764
14998
24902
21348
4241
28940
29474
20874
1901
17764
16423
18043
18224
19065
16081
28134
14975
17185
14213
11078
27012
3295
17174
19983
10214
1584
3095
1221
21665
1809
27839
14031
458
26859
18667
24838
26156
25003
13876
6394
2980
1167
544
27286
4554
21676
3516
15501
24452
21747
13886
9436
12553
9867
7733
14040
26411
25908
12579
13529
28283
8878
17660
9273
4528
2136
11401
2802
19672
474
17698
4338
7210
29651
8184
13478
5151
60
7667
6614
13384
25571
10309
7847
21188
14911
26754
23485
25900
28065
22935
23182
4061
16291
26202
1158
15710
11568
9065
23240
14341
5381
16456
8351
22912
6272
3974
26992
833
19602
28006
23831
23879
18648
8630
23119
6190
15891
13360
24841
18958
22750
8505
18567
29051
10989
20460
12489
2762
23512
5680
15213
7397
5691
5422
20092
18716
23092
23271
10358
14830
10339
4728
21393
1411
9647
12092
14364
25704
12654
13966
7369
4349
24664
29973
22303
26413
26175
11812
13121
6920
10166
24408
15964
28747
18261
14293
20037
12879
20712
19088
17989
26983
10683
5364
13059
13193
27204
24503
1267
3344
23382
5524
18462
28942
9985
22058
3999
26601
12916
583
4062
24942
27656
10152
14095
5929
11532
27760
1221
1948
25422
29295
5718
6659
644
6038
26421
24639
12570
1721
25916
16253
23775
22156
9476
4164
12951
28978
310
17753
28735
2751
25747
27739
15001
8683
3793
14024
6962
6969
20897
13753
18974
19093
15130
19373
29543
2376
18889
28912
8626
7172
3185
15620
4481
200
6980
14285
12564
2684
7302
27298
8194
23807
15499
9589
16932
17290
25115
25529
6199
26885
15139
29742
25965
13767
17707
2121
23221
15062
10371
4561
269
16377
14667
14663
11772
16643
24444
21547
14409
18877
20125
29766
473
24760
9162
22941
5590
1949
25330
15196
29007
4555
21360
1642
13842
26704
3772
2428
5729
5045
27619
16234
21163
15521
11167
9071
6455
5960
29357
3122
12589
25783
24978
25816
18937
15287
11920
3803
6083
6024
6307
14830
6917
23266
13772
7470
10522
7689
1239
26101
525
13388
25261
23494
1859
19029
18749
4906
6030
20343
10767
24904
26785
10716
18396
7474
27697
19041
3290
2712
914
5482
22969
13041
27637
7604
26770
21863
4630
6477
9173
18699
16154
773
8515
12700
4277
21174
23332
18962
15090
28339
12257
27149
19420
29410
8829
4578
20164
16100
1302
26301
18278
5639
17789
14971
15194
24410
11244
5761
3352
26632
11147
25707
11420
1650
12576
16992
17563
16708
28853
6598
28957
16876
25353
26936
7954
23117
15528
17437
24595
27564
20850
14437
29217
4423
16355
6967
822
24638
8827
414
22912
4645
23406
6429
5056
8035
13687
9353
20308
15515
3968
2017
5574
21697
28353
2474
27285
8492
19742
702
21628
27304
1229
27956
28656
17168
8979
21228
9591
1103
29064
730
26654
19323
12838
6584
14879
17958
26891
13757
24133
6282
2324
6012
623
11184
5591
14243
17273
25238
3209
3444
28814
25861
17853
1984
15294
27924
13360
15399
27778
7139
4520
12955
5757
26450
29752
14621
21444
23558
15458
29406
23647
4208
21373
26179
894
28587
22135
7968
10384
6534
28965
445
7137
11487
13142
9832
5370
2293
3313
2143
5980
21147
18810
11697
7550
3727
449
26736
1186
13827
16996
23051
17767
17720
4749
14579
10898
7648
8905
4428
4440
7231
19442
29702
24531
3338
21603
2496
5291
6794
18540
23656
2975
2042
12562
21276
6460
10977
4614
5609
14054
7001
21239
4400
27407
9224
3197
17868
17717
26621
23228
1109
15500
24824
26887
21141
1384
21820
4080
28722
18132
29738
20462
16158
5312
604
2313
6417
22566
633
2499
17843
640
7603
4516
19609
4533
14871
29054
14893
29095
25700
9818
20686
25849
28200
21072
21537
13037
21072
26192
20675
8999
28645
19108
29333
7658
11721
17326
7276
22775
23490
16917
25123
23795
23129
15901
17865
7589
18355
9287
26734
19782
22833
7194
21339
22105
29149
19317
20653
24273
8612
15939
182
24260
9166
6050
5741
8877
2534
9346
23801
9616
4738
5042
4079
9749
5389
38
26049
28284
13729
2088
4222
11103
2943
4512
13914
18448
1664
3817
23581
803
7116
15501
570
29648
541
8401
5182
28855
11481
20281
24433
12647
5264
5010
19861
23704
1491
1650
16486
24754
2243
2021
17911
28788
5544
3848
10909
19965
24000
1266
24307
22741
23360
12209
19076
22221
2577
8865
19023
11069
3236
22810
4140
27484
23229
2327
28431
14939
19477
16729
22786
26083
28210
8722
15510
14028
5759
2888
2305
1102
28513
9797
15470
25068
9299
23695
14864
11202
9143
16842
19491
15893
4549
18928
16786
7443
10919
11077
22555
6394
13603
15399
8763
23195
28895
14157
1779
2785
23730
3067
3228
4251
14278
28219
19345
20092
10303
2228
27605
2675
3202
5585
18923
29652
25987
21414
16836
12805
1868
24945
26518
23751
4274
1465
15446
21118
23421
13437
25883
18334
27432
28125
8449
13439
17467
22563
5032
6904
5534
23223
11661
3155
28353
413
3971
4413
24564
23233
5402
22689
3255
3034
14539
19009
17619
3640
1173
27603
25708
24175
21212
22058
3885
18101
18716
8145
4511
24925
6858
2816
25477
22932
846
27023
21904
2985
29782
23521
12284
29866
15618
24552
28576
25490
7907
13544
9726
13448
19773
23125
26429
9417
22655
27477
3759
3747
3931
2221
3035
19626
8986
1800
21616
316
18773
2825
24465
6616
9127
7879
25567
19568
12355
6298
15586
3938
5819
25671
512
4817
1832
17240
28991
19111
26341
2521
24386
6383
28152
22947
5557
21666
1239
24917
13261
8097
19792
13448
1069
27661
21494
27966
584
26557
21272
16011
4518
11709
4934
7692
12252
20335
24045
26310
4538
25141
16837
25047
16164
8174
11436
15189
20974
2488
11132
7734
16525
7984
25508
15149
8809
17944
17147
6598
19489
2138
22200
4302
21573
18889
2639
17436
7752
9202
1657
17606
20983
4908
26807
16600
27361
7839
13522
15683
18812
8043
7120
19741
10439
25090
21889
10465
6006
3245
11137
27435
12544
8745
11864
4271
12686
7157
29022
9292
23169
1855
18986
14762
21056
18474
4137
29408
22318
26790
4341
12430
21251
4168
18046
20752
15232
16515
21957
29978
7896
12845
2282
4227
11147
11925
10945
4089
22560
29438
12555
9739
483
6266
23031
19612
14380
24253
11515
21628
18051
20700
6371
14213
27925
4253
3817
9302
27745
9119
9068
27960
3842
25120
22101
15801
6760
5243
466
7200
3981
19353
4496
2359
24617
936
5174
5381
8568
18260
23472
5830
14249
11501
23820
15229
28496
14234
2272
8040
9000
11472
15778
6872
11068
4192
28720
1794
728
3120
12529
25132
22403
25484
26994
17352
20200
9550
25959
26250
24349
1918
25892
15727
1675
4812
13652
19836
28001
19868
27275
21106
28919
14979
23288
25741
9919
12637
20723
4122
20007
6602
378
17933
802
15431
9907
20532
2990
2328
7960
8290
29709
3411
12969
26137
3961
7796
3442
22426
9968
1333
3015
8506
13185
9192
26487
17395
15642
25246
25977
9203
23781
17057
12797
7221
9811
14685
11332
6829
929
29043
1737
16758
18059
17604
16642
21203
17800
12446
11074
17401
2314
20115
19511
12479
7260
26298
9570
29576
1692
28835
10413
5907
15983
22799
27854
16850
8125
25299
16846
13271
19864
28725
9874
24763
5431
29504
3474
15838
16546
19305
21270
24279
21007
3216
24337
852
12541
19785
27246
4910
19559
3124
21769
4257
18711
3650
969
6198
8176
9362
22456
6462
8903
21049
14109
8297
21692
16285
14004
15429
2201
26608
3954
22910
26512
19654
15553
12392
9677
12291
16534
14747
20122
7654
13290
29876
11546
28421
22327
21062
22090
12288
26263
19559
20424
4388
10541
22638
20780
2866
19556
18769
805
29863
19461
23814
27999
14274
847
19149
4021
17630
14144
1873
21525
29769
22398
19165
1765
10331
28622
7186
12906
20898
3834
13730
9738
25565
7932
5114
24972
6042
21506
19240
16228
16852
5566
18631
20331
3861
7890
788
18244
22000
14439
7084
8575
28653
29311
20230
454
5351
14135
21390
16083
21313
2287
19108
9389
16267
4090
9241
8165
2171
18014
19232
17355
3069
11367
5690
8829
560
10898
5919
17083
9372
22990
24630
28665
10413
20632
24556
9521
18481
6158
15326
26262
1648
8085
247
3115
11152
15337
15219
13186
23414
3218
12813
3672
2587
22989
15699
16801
7600
28411
5410
19252
16051
20715
11520
19219
29228
2898
14410
4606
22953
29742
16849
24321
4519
23544
1054
24445
12627
24068
21805
8127
7532
13883
11632
14251
9349
26133
2549
848
12323
17277
2704
21488
19425
3599
5708
11663
9544
11085
998
18886
27368
16785
4005
9688
4340
7046
14222
14955
27310
9391
14547
6700
16234
28515
9066
5130
3893
20458
4231
18952
21512
27850
26121
19759
5893
23007
8130
6917
4328
7077
8360
12784
25759
4464
26633
22937
14442
21972
10159
27167
19169
15854
5388
17616
27088
3937
17616
98
510
797
18879
6324
4036
5399
18149
22607
22966
1577
3617
17412
4375
13097
18006
24575
25584
7986
20590
23651
18980
9339
20400
7098
4345
5259
8635
17988
3973
4325
14537
19870
29824
10213
924
14031
25786
2729
26738
11648
20554
29704
15676
20629
3671
15099
9295
16889
18653
2695
19591
28563
14660
9146
20517
11453
2652
16565
28298
25757
21100
17700
20714
14668
11808
9888
22368
25404
21926
9004
23573
14220
6432
17608
135
19161
5809
11116
20557
4112
29977
497
29662
14969
27257
5442
17520
4477
10752
18868
11790
16145
5579
14891
27780
25195
14225
849
14173
25204
1442
9800
24352
3175
20884
7984
12656
12303
16462
9579
5959
25688
19557
25632
1217
24412
27948
10090
26750
29444
12019
12476
25005
27125
13542
25948
28475
17013
11504
22530
2766
6576
9002
23345
16047
28823
5524
24245
5113
14158
6907
22582
13107
10314
12090
4779
3746
1647
4446
10256
13264
19802
8077
3066
3754
18918
4823
9024
15249
3311
29040
13167
16668
20766
9111
7991
6159
28023
1304
9346
15844
13274
13609
9123
6396
26045
19617
6496
18126
13866
21935
4598
22712
14961
27018
13926
26569
12515
1192
6715
22106
21082
27928
27037
8234
14622
7585
15884
28971
15426
697
20194
18763
8800
28854
23300
11100
1281
12092
4996
21545
25213
18815
23174
6707
15733
3300
1286
13881
12219
13140
4859
14689
5689
25122
13521
15511
10854
5312
7848
3783
11857
9056
2648
16340
18163
27440
12461
23205
11669
10887
23261
20042
21557
12252
26053
17687
4423
24326
17732
8555
27214
20224
18801
3611
28836
14034
13015
9212
16083
9337
4486
149
24859
164
2100
1455
11277
24425
329
29983
7890
20221
10487
13671
20550
8527
25648
8270
24559
28700
8708
2802
27152
19966
2111
6025
14933
545
4668
9815
1651
26232
18478
25101
6374
20949
14645
13109
26267
28921
10074
6311
19353
21519
8874
29275
11951
23193
27745
96
5283
21170
7102
16454
26772
10301
12775
20433
863
19467
20962
9768
2214
22791
23110
7366
12576
10393
3836
1012
1721
28955
12357
21724
8783
15710
24741
25880
23230
16042
16259
7171
5377
9235
20920
21600
14533
10586
21832
29748
24144
26414
4120
15819
17099
19008
1993
23574
10856
7608
8026
24031
462
22371
3329
23225
22710
8442
8986
17707
25435
25865
26687
28692
21951
6453
19046
28603
10275
16164
9484
17585
14493
10119
19364
16459
29444
28379
5007
1463
8952
14103
23293
17507
29849
18800
17588
28819
22856
13233
21873
9801
24347
10027
23284
6374
8768
27408
83
18472
26908
21473
3663
12806
3785
10173
29991
9488
8104
10500
15452
25069
11225
5221
6952
14444
13596
27678
1108
26808
13417
27552
27168
1275
21897
3843
14938
1264
29223
29375
9289
6607
11113
6726
16057
27297
9413
25193
29300
14689
27336
964
3407
26914
27091
15764
16659
25555
20114
17312
9115
15810
29251
26831
20596
11172
12856
14757
4765
5045
18974
25647
28590
12907
18080
23129
10598
21994
26045
6421
4347
26627
9250
13578
306
22186
26593
14789
20090
13187
12385
10019
23938
20536
29955
21398
27644
21948
1811
26327
28415
838
13210
25558
24683
13254
5257
1665
9411
6149
20783
11759
16538
12563
4044
29866
29718
29903
8128
4594
20215
4107
4348
28298
7808
8297
14847
11352
15698
5568
25400
7018
26079
18496
13579
26172
20228
7352
10129
20428
21229
14837
6710
25219
24058
484
3003
896
29342
26085
13317
28872
1154
26150
8814
27075
25626
21261
13847
4362
5511
17218
14826
28794
13219
19380
19761
10665
23118
7941
7024
25512
17257
9711
29851
26819
1136
2250
19275
26393
19215
3899
14029
15057
9617
3748
1908
6991
2689
29452
29249
21390
7016
11638
23648
515
25002
15644
685
28373
8844
26380
27931
10458
29510
17986
24520
27898
9145
26860
1422
6173
21124
5814
16549
5838
26938
17314
9027
23748
2382
29480
3401
15353
4464
27074
25840
21150
29447
18993
399
11530
936
9589
22353
9247
26605
14684
2069
26866
24540
18835
14744
8869
14237
22732
7897
14862
6684
11494
27327
18514
18819
14033
7277
17711
5910
1836
19128
17773
4282
13955
3588
3680
24502
13365
11179
7861
2012
13102
18039
20377
18629
6715
15371
22972
1938
15129
29293
1611
2858
17296
9728
24377
19459
7091
4949
17985
22022
18490
28595
3389
12513
622
25740
4773
7840
27064
9577
29387
19772
18536
22706
24943
4185
26679
12137
5166
24877
11170
1772
10461
13685
3077
15454
13852
12673
29898
18958
11200
19239
652
25564
9543
21704
1901
22958
17936
7148
4648
3911
17680
22673
10243
22
3966
3884
16276
1221
979
15233
26828
8951
8920
5984
29399
2077
2455
5278
12664
21585
18267
12252
17406
16752
8746
21966
20251
26426
12928
19310
27101
27689
14581
17886
26642
19965
15206
15594
23276
18566
22731
17179
2993
1936
10045
15127
2753
24107
3313
15025
27019
17017
4287
10833
10343
18703
21704
7661
18908
6517
1271
27774
11210
21524
15691
25063
8761
9275
23680
19485
24642
25067
29785
8570
14571
21384
14044
5582
3152
13085
27847
3059
14200
29411
9787
15992
8208
22482
4348
17810
2610
21553
28065
26513
29717
2121
29698
11894
16923
5599
24983
11981
611
29533
26115
28829
16575
21714
24046
17043
587
24215
27497
11327
13991
11865
29888
20471
4172
23656
9672
10221
2807
6214
5477
7074
27837
15298
26256
12131
25679
10024
14050
21554
8898
14430
20161
28057
12210
2460
1064
11146
25356
4510
1507
9955
9396
21272
16398
28578
20714
12542
9373
4319
12371
24594
2915
13714
1138
8010
27424
21063
1981
23022
24335
1343
4017
9384
12005
22346
27952
11778
13129
3774
27252
27466
15765
9588
2055
14089
17839
20352
17132
29729
20300
27695
4787
12906
18877
11614
19795
24419
27657
13465
11591
8779
12432
3617
16716
27471
22839
302
612
7104
23608
17940
8629
19256
27693
3681
3409
27995
22402
25067
14655
1870
10701
1358
22851
16833
29488
3190
24211
20971
27349
8993
8744
12932
23117
21067
18531
29270
1750
15783
11404
7949
23698
22265
26323
11453
12201
25761
16601
14447
28830
19072
4187
2756
21283
28706
21846
8534
28701
17485
6998
5501
14940
20051
14042
28700
19820
19946
26462
19697
14794
1847
11989
15857
14101
20033
17453
5269
13684
6645
24120
27138
237
22964
11656
24656
6069
23200
22216
18288
15200
17643
26333
5368
2563
17116
5600
16417
25536
27
12755
22607
11392
10911
17529
16500
885
3842
4074
2323
19083
16617
26189
1352
15846
23100
5995
24935
8065
9757
16739
25800
958
11476
5677
29603
10259
16522
18423
1461
19153
6414
24811
8173
23018
26118
1720
18926
20512
833
1715
6931
26997
7576
24897
9218
5665
2443
24721
22939
24727
4846
7176
16140
26496
20110
24864
10088
13741
5706
17036
25578
22217
18181
20208
28034
29196
18920
18822
26958
29058
13507
6769
14918
27849
130
29063
15865
13093
5748
22149
22162
28239
300
5433
5347
17808
9725
7552
6754
20714
20918
6353
26615
1127
28844
1845
3226
15804
27866
27681
17735
603
21130
17758
3958
108
10662
4858
21464
10450
14075
25213
12680
5589
5840
14192
20663
9972
11373
20049
1809
20745
2385
5780
21640
19757
3675
18190
19872
678
3607
2745
2408
9809
26721
15461
429
27563
3355
27158
4186
2443
3649
11905
8862
3454
15304
2057
20434
2438
23889
26500
17976
3697
11943
21574
8463
27507
28853
13666
7659
11524
5108
17069
3980
13673
14630
6916
27799
12659
2174
16638
9044
12554
24049
7337
17352
12890
1592
8174
8647
997
14878
15440
5774
1706
18126
2434
20566
17790
7441
24134
16082
1134
12072
12310
27296
7460
13694
28283
11534
20880
17813
7619
7643
27366
10732
22414
10327
8822
15323
1353
29117
21431
4803
2724
24801
19728
13717
3338
20414
1938
27210
12505
23458
14906
28576
20726
6181
29814
10991
1571
15527
11187
14600
1647
23819
3813
6900
126
9024
9342
12194
18681
24330
9839
9141
15811
14061
19622
761
2620
6179
23547
5294
19465
13725
25670
12913
14151
12729
2056
1168
246
15052
17517
22367
21816
184
14363
29695
24457
22547
19814
24064
28626
23924
24645
3642
14427
6296
2804
8035
17293
16854
18250
4680
14322
6001
20817
8655
24973
23735
16652
6362
8689
1241
16330
18275
22839
20570
5127
15733
26916
6942
26781
28736
13629
17826
5285
17661
2585
21356
26447
5985
21611
20769
13915
7536
960
21924
26733
11916
14101
9281
9867
21707
534
12085
5216
13607
1852
3364
21904
10978
25676
9547
26674
13457
17197
9034
12578
10585
16980
13583
18235
4121
13874
2507
26277
375
3921
5766
25540
9830
10925
28468
3598
21421
20867
14959
7552
513
24972
20749
19147
19946
12337
3615
14331
7128
20482
21048
25767
26336
6746
8223
4682
15867
6475
23213
24998
26053
9600
12316
19137
25247
269
17294
1382
10486
17296
15666
18214
13727
4582
28839
16866
9244
11306
28216
6316
6223
23354
14952
1248
10974
9588
21861
17989
25885
14191
29307
15159
7604
27555
17541
15553
2626
21328
3688
3594
16908
4881
19015
25352
22235
22375
13713
20458
20455
26789
18400
24050
19418
14963
1141
27980
28370
9266
21876
26472
4848
25712
24590
9178
18913
16935
27017
12594
152
13615
14681
6810
9572
9943
5906
3207
25910
13124
28352
18464
17345
12407
646
21733
5939
28801
694
24564
18979
29466
29926
23532
16679
3418
20757
24161
27222
23030
17134
23809
13055
24878
20738
2365
26667
17728
1957
10990
12104
24208
15466
13263
22419
28426
8581
14089
22608
27247
21405
13012
16688
29020
24450
20190
13252
16393
21295
29677
22471
28933
24078
11744
13146
16028
22228
19077
19717
28944
12638
22818
27205
15872
1228
9687
17804
1600
3965
28898
24612
20612
3455
24195
28759
3505
17196
16170
21552
11683
23797
10974
8480
17318
5581
13516
9557
28048
23049
15163
28180
170
19942
13696
18152
27230
14900
6572
15468
2640
27961
19346
24975
15669
19729
9963
13848
8207
18774
24537
18293
18797
25655
12613
20962
17343
447
23681
25703
5900
26399
24325
9644
13118
25568
16563
28911
3013
19361
6237
11784
6294
27668
21170
27744
18681
25794
16951
3123
27446
28229
14892
17006
22452
18168
27536
7375
1661
853
9415
7442
14419
7693
1018
604
27782
5634
15388
16914
16057
17533
26889
21420
19043
2938
29617
19887
17919
14512
7066
19453
5274
1641
125
22576
28553
14042
16566
3607
8553
2423
12989
7457
21204
29636
9906
22830
14432
1915
19320
24456
536
19704
12963
25568
19422
8454
1198
6899
20672
20310
29649
19694
22542
24746
11712
18252
8423
3281
13334
22500
24179
7070
26561
839
11500
4434
24483
20312
29495
4598
2895
56
932
6751
18391
29512
25949
26094
25255
17122
9749
18094
10316
25060
5328
14580
8579
106
6274
2492
29636
29207
29942
23620
14264
6889
70
18164
9887
21799
10291
1565
27294
4778
21751
24261
17795
4528
7674
22558
20326
29774
14473
1816
11488
4572
29737
15151
4509
13966
4913
2575
16219
18390
19976
21203
6601
22131
15059
2282
4886
3923
23642
29199
17665
8509
2983
2550
20618
29122
12354
27278
20320
21689
11169
17685
19587
6599
8065
22128
9118
29795
14701
9818
14001
28246
3743
423
12147
19526
8858
27292
8043
9905
23342
29712
21484
11206
26298
7579
23180
14604
17227
5589
15495
27768
28143
17024
23924
13490
1331
11557
7369
28545
10745
15389
715
16377
8753
17291
1552
28908
10945
3547
13072
28847
1502
9997
2988
24097
16991
7772
23660
19996
27423
22188
23237
20142
20152
23789
12259
14278
3181
7600
22655
16464
3338
28226
17984
2490
8398
24948
8852
13627
27738
4217
28356
10619
8758
7005
28649
15843
6663
11731
25019
1277
16978
19857
13650
11047
7368
1716
18042
10485
20150
24299
8428
11864
16638
6325
23830
12936
29908
28143
5083
8402
4419
25389
5660
1317
28344
24644
18710
18668
11651
21848
10839
29968
27470
8459
4947
4403
13834
6135
24339
0
13300
16361
3386
19352
20592
1429
25606
22085
7415
25500
9198
23383
13766
8326
23013
24321
19040
17199
9776
19442
22192
28815
29103
6043
19277
19213
13644
21115
410
5423
9429
14053
16218
3966
25214
6527
11096
22112
28366
25536
25147
24550
1293
29434
26974
18871
16781
21928
21975
24280
13453
10728
27338
2037
8896
20188
441
19241
24564
3075
17214
17105
29086
12271
24388
26601
17881
18122
13409
20263
23654
20160
5726
24536
13134
9608
1458
28999
7906
22580
16311
22294
26048
6791
603
10938
15044
388
28160
11382
25640
881
20555
3607
20544
10815
925
915
17488
22629
23796
15972
3732
25988
28593
11995
20990
1858
667
5516
27335
8672
18782
17432
24325
9568
11366
12169
25676
7849
7893
4289
2526
265
29355
22658
3132
8615
13676
7600
11676
16364
24420
15804
16235
14924
3545
14116
15772
27932
868
20911
25625
9947
22110
5189
22308
29594
27001
7711
27718
27263
25080
17793
28016
2229
6069
17334
597
26678
8696
2293
17584
10009
26476
9485
4251
1299
4391
14861
25472
13503
29943
11354
21731
17479
27279
21405
24146
26898
20759
18881
25316
16404
24483
18543
11255
11900
17090
10761
105
5488
15079
15503
3365
2604
6569
29979
16839
9264
17724
18871
14914
14493
23162
6837
25965
3239
4685
29825
8028
26849
10391
11233
6192
20059
22141
10919
21772
11085
27649
454
22918
25494
16167
16562
28255
18006
21327
21958
24971
22014
21815
8138
7803
14617
10959
8477
22144
250
9148
21185
16156
5974
12508
25359
926
3299
24945
28216
3304
19548
6214
17316
21754
25683
12117
26595
16195
8807
5262
13685
17903
17849
20614
16455
26083
29134
23696
7952
23913
18326
13791
8828
5773
12730
17692
18588
10167
19081
2828
9106
2432
19986
23370
4278
9830
25230
18845
15519
18012
2714
16876
7282
4979
18073
17878
6635
11597
19810
28416
14095
10252
20397
17790
25831
16239
28236
1338
2582
24779
5192
18574
24371
27017
1731
196
9588
16572
23251
18330
18064
17151
26386
17998
22404
27865
11727
6415
15508
15051
26093
2593
11634
25156
4421
22985
18664
7171
1970
15251
11832
3910
5522
20243
28909
29447
18146
21139
19755
5024
11622
25287
3816
13965
1740
11380
8306
18208
12157
17438
11688
7291
17498
9876
17082
6497
25880
14366
12372
12633
17428
14971
8054
5996
20679
1211
24014
29681
2749
26371
17132
5916
25905
15208
26282
13554
19706
11514
29316
25731
20424
5044
21114
17869
22199
22816
6770
19071
25864
19418
22277
26380
2738
7856
5481
7689
12938
2834
14927
3103
19029
8646
7154
3431
9340
28766
5983
22167
16458
13712
18696
21750
539
805
25368
15930
6844
17597
2035
6819
19741
21341
27205
23155
21239
26890
12052
25726
20521
4721
18669
28181
28995
9646
221
7633
14939
17599
2568
7151
7089
6416
15915
13129
1546
13481
7760
28395
2564
25749
26553
9229
1410
11131
19240
11050
17023
5249
11506
16711
6224
17629
17135
18923
5414
20817
23233
28594
10653
16441
949
15456
21765
11751
2304
1662
21431
18847
12191
446
12206
7856
10823
16918
28145
13533
24993
9909
20430
16600
1364
19840
25365
3977
20471
17152
12776
13701
25772
27183
22635
26638
6465
15703
29322
19325
10126
13878
17875
24636
19792
13325
13774
14266
18793
21391
21017
11854
23402
796
18514
26143
11821
17553
8086
970
15719
9570
1963
24759
25928
7544
1584
16024
14063
18793
13339
8269
10032
6284
20837
15603
18327
4431
15076
17773
1642
3990
15914
26654
15055
11509
15462
7397
526
9111
10971
11345
25741
4637
23628
9687
779
26258
27177
20163
16510
12083
5662
12513
11919
21038
1974
3701
9381
24722
24587
3315
23710
29005
10133
3293
18031
23160
27980
19730
28271
12105
23018
6739
23409
24253
5291
22220
16520
13170
25583
29958
6618
22109
2392
4320
4194
7044
25901
18383
28309
28425
13524
29640
15567
5983
19567
3356
5271
12794
633
21627
10566
6900
935
28663
16076
25240
7137
12433
13235
18912
5065
10635
18504
20865
17340
1041
16423
11481
8281
22008
11974
20045
4124
7989
29243
6203
1479
24933
8465
27080
16153
4702
20126
18998
28776
12101
15315
5634
11535
9533
9321
4094
14676
7080
12868
20642
17928
20131
20389
6768
25756
5381
9240
3688
29144
22746
20601
8341
17855
6778
13471
2044
5702
13452
15244
24343
16915
6726
26933
10778
11257
14140
20562
25179
21024
20558
11288
12414
28569
17396
14543
27944
22711
8390
29258
19678
7562
9104
13853
18305
24345
1327
22252
3859
24104
5757
29070
22545
5352
727
16260
24225
21420
5068
8846
22041
18138
1791
14553
2784
26496
3488
6857
5494
9875
20780
22506
13485
1496
2704
3236
8256
19798
21588
26337
5697
25027
19113
24789
23037
6356
22265
13709
28438
127
15588
25539
2195
25416
5402
20006
14480
5052
23635
1074
28593
19757
18031
9618
1958
29328
16276
26823
19809
1369
26894
26805
25625
21132
27618
1690
19171
1448
23531
15613
10301
22829
24190
24495
6716
18651
10731
2920
5416
9450
15625
1353
3783
13920
27360
12980
11860
20047
8274
7497
26410
10224
2529
25796
10566
14187
14693
7142
25224
17713
12434
25329
16430
5390
4834
19730
22828
19156
24016
26887
21290
9983
11019
20319
14083
27088
28834
16097
15709
13792
18494
6060
19896
12826
28214
4542
21306
10136
6545
9466
11355
28453
26900
9623
3296
10870
1699
2728
8178
25964
26943
18244
26757
17702
4615
15506
13524
23091
6606
25737
29921
23617
5695
1501
6230
22805
20465
22919
13558
14124
21380
6699
21476
23176
26788
25325
7143
15013
3414
24410
11791
16121
26557
29508
139
7554
17151
9200
12117
17646
15267
11850
265
23460
2201
23403
15422
28418
3820
5533
10089
20501
9348
26265
9061
21916
18429
21256
18715
15447
21792
6743
16705
28059
11548
16849
6701
23978
6254
16684
16250
2975
6314
10256
29614
17324
506
21506
20628
10592
25926
9314
18887
12764
8236
542
5883
18895
6771
20428
27795
19602
46
18996
29275
13061
9901
16570
25479
3964
621
7876
9511
19253
29731
13109
3005
24670
6864
27418
21423
6557
1498
27650
12395
18480
19902
13326
8676
20518
153
7524
12532
16326
15507
13654
10176
9809
22911
15629
24660
22574
22456
7366
18947
27900
15698
22134
5004
27022
6874
23466
6259
24058
10149
6027
12792
24153
12453
2191
18736
12704
22690
16643
8593
6224
11826
26970
22066
27015
569
11167
518
15922
23138
17857
11748
21703
21408
9639
14377
10780
8057
13709
19105
1157
13076
24211
28337
5069
3160
11754
9443
22553
29276
14324
3099
15702
5676
19171
8941
9144
23312
4073
24907
16615
27136
21998
27364
26778
28001
12296
1058
1249
24422
12083
15259
6627
23627
29935
5756
25086
27122
22834
16716
19348
8206
12840
28384
19723
2937
29311
2167
20220
15145
1561
16305
16655
19170
17621
20045
11365
22625
12699
20432
12869
18032
22713
1348
5917
26723
9126
23696
1395
6666
2509
7398
29897
16410
8769
20545
28273
29379
29774
18190
713
23120
13781
29416
12805
9603
11368
26822
16461
20599
13698
19917
20668
22551
27358
24501
17718
22155
7644
22221
19239
16494
10074
20574
3204
12312
1834
27809
21539
20841
5421
22927
12523
28196
29448
28325
9410
23086
15727
15908
13284
12710
20498
2851
27921
13797
25011
25704
16107
26744
19547
13378
11592
29569
13896
26808
9484
11299
19022
3688
18801
7892
2393
7835
27041
22455
15491
28206
23687
25443
4461
530
12584
2610
5541
24684
5013
22271
18647
22337
13279
20370
26884
7803
18799
28745
4166
323
8508
8815
8970
9958
26027
9990
11553
12660
21297
7691
15734
20589
18465
13792
21433
13197
20777
29346
21155
6475
14527
22693
24121
4890
7862
871
26008
2391
23182
19138
26555
9101
12284
16060
11631
4430
27187
14137
1585
19872
7198
20364
3595
27178
17398
14916
7834
15388
7922
9998
24978
10694
27529
5521
26211
12852
23825
12800
25409
14014
3596
16241
1759
7919
27079
13320
18208
8527
4273
23019
26738
5767
8848
17922
13807
27227
27630
6869
22807
27683
22535
17435
3159
4331
16074
5468
16810
14791
14962
15063
78
24302
14958
24776
5953
9307
29772
15907
16363
9670
1035
7639
4213
13263
2955
1490
28167
13465
24924
18836
2473
15305
18233
18188
16326
24303
6916
12004
10270
27606
9973
22408
27388
471
7731
23297
7134
17447
23544
27714
25705
3467
5417
19450
16213
21363
17329
29925
20305
11581
16256
4215
2347
24111
7222
15447
3330
10169
21437
16856
20890
9958
3122
25797
19504
7211
2365
29529
2371
9989
7905
17392
18538
10703
25721
26970
11622
16306
12452
20240
24478
18265
14859
11965
8163
12002
15612
12164
17769
9157
6776
3503
17555
24886
25484
6634
27309
4623
3711
21447
946
12809
28060
22144
10900
24142
15466
1895
2350
9395
11153
9397
3387
22795
2741
11179
20092
20761
5575
19285
12272
18483
13178
13652
20524
26600
21779
29865
20859
7216
380
29105
18399
12683
18601
4131
8861
20125
21965
29705
19315
16505
11354
22458
10020
7189
15656
13902
5354
13330
19338
4085
25572
19981
2551
5716
25364
6452
27793
10945
1366
18957
4077
22201
6465
22907
26544
14502
5101
19981
3615
9756
23082
14270
26907
12117
28511
29905
5534
1203
4241
21506
20005
3638
7338
12044
23233
284
9030
3090
3380
11669
9688
29376
23889
28386
3920
16830
18704
20038
10760
6238
20893
9872
24138
7949
1518
4589
19031
18100
5385
27468
14522
19076
14225
28387
15789
23853
15971
17577
3107
21789
26053
29876
16364
25723
20535
17314
13313
14331
8393
7409
17563
8636
6067
423
7832
15976
758
16869
1698
3437
11642
7960
29265
15373
21691
10842
23084
6930
16109
1898
9180
27960
20166
18014
8153
6184
5577
15440
8606
6214
6469
20059
25215
14955
26612
2902
8950
16181
7154
357
14510
6455
18990
14597
3038
24273
26472
24391
3472
8982
16993
18083
11369
29847
26669
25577
16110
9148
590
16549
28708
1542
21709
22695
29075
21634
7347
7983
20942
18703
23371
5857
20306
4491
12635
14993
1525
13606
15187
7231
19232
15055
19577
14927
11004
25395
8463
406
10181
23529
21298
3038
11906
2894
5529
28404
13097
29204
6273
8083
24802
10570
18483
14930
17744
28149
23045
29725
9530
14
27010
26413
19376
10992
13249
10621
8453
8300
16333
13857
5315
5149
11670
2936
16201
14558
26026
23381
23047
27527
9126
9410
2594
26970
2318
22628
11305
11338
18152
2853
12385
4224
20516
17003
26128
14196
22863
25168
7094
18239
10467
24843
4111
14165
12966
17664
534
8644
26373
4277
4997
15831
7642
8507
10621
4189
2905
26588
5326
9853
8007
678
5753
1761
22356
1368
4176
26698
26986
14796
24440
10282
12565
7729
982
8557
12764
15542
21919
14141
22533
23163
24087
12556
16533
8278
27249
29244
21992
27491
7044
23512
16908
3738
8829
4083
2774
23570
27700
15526
2347
3362
5407
8484
3531
9113
2841
28675
28928
6031
23464
13887
5321
15112
8564
10006
14169
28524
10379
11182
13660
25898
23677
6858
27976
27058
5948
15154
2958
23882
10169
25386
19510
5752
12738
18647
1750
28455
21312
7830
23551
29729
8303
24483
11798
23396
24093
8797
1979
5953
29563
19067
21018
439
8522
23398
5200
13630
11575
28436
19225
28420
1916
18639
14748
28266
19566
15276
6953
7589
21470
3945
21850
19095
14416
14128
20997
27303
13339
27124
17554
18694
7776
11643
5985
2382
11072
18417
7945
26139
3712
19323
19047
8893
20485
27591
3131
11003
9135
17706
4670
4091
22093
27267
1028
24924
25350
3389
18994
17572
5831
9818
26471
10299
17824
23677
17163
21563
6165
5327
22911
1936
10690
7993
13905
27472
28746
4083
27825
27231
6663
410
16262
23521
2450
19121
14093
13565
11847
3893
8305
4437
3085
12216
7818
18236
8417
13983
20783
28685
17153
20587
8563
16248
6363
27699
23987
21767
15797
11382
10604
4757
28354
12485
29548
5531
20601
26730
23642
29875
29353
19963
6624
3305
4020
13834
8436
21877
24874
20128
9754
28981
8092
12166
17016
18628
18706
13482
9717
24935
15620
23387
28567
4279
22563
11324
5007
8835
18230
19082
600
20922
26444
8163
19900
13027
5625
6845
869
24978
9490
4810
15781
22248
9958
6570
18385
17656
16803
16323
25123
25895
18529
6132
12074
19743
28103
25464
2579
10054
16994
18858
2925
25423
9138
19795
4743
1814
23919
14361
10030
27648
6540
8921
9583
4248
15888
29412
12591
8876
11237
7711
8037
24664
383
26592
18885
5678
24705
1606
24041
21423
1402
25407
9271
23930
6112
1309
15170
5744
173
23517
13572
22814
6941
26294
4190
24474
20439
4554
23632
20971
22882
9658
2134
27810
24568
13805
19518
26537
628
10832
5973
2367
13211
13785
2618
4757
29810
17648
8686
24905
27408
28368
20968
2174
17558
5119
16326
15284
7877
6782
21315
25192
25089
25126
15806
29019
11761
27280
18809
3018
12408
18983
8312
29944
22349
24839
18849
20648
18463
13529
16702
2147
12171
17582
16315
16648
10155
21048
20876
7403
24484
13056
25444
23019
24269
23899
12875
19788
2465
27732
18691
387
11768
16232
13487
23152
9365
1354
25307
11185
13989
27639
4288
19452
16574
11938
19832
6316
5005
6974
3448
26791
19892
7303
17477
27067
23881
28873
20136
15222
27315
5101
17179
23786
24668
10824
11146
26112
4391
15252
4295
5946
20809
4781
4263
6922
5620
16637
13082
14850
4134
14495
6011
17878
12439
3765
4636
10238
6812
17784
6738
19960
20155
28892
28567
25540
7506
22008
23464
15107
7642
840
16552
3395
10549
929
616
29382
4792
23412
12897
23439
29226
2050
622
18169
23548
3909
11483
18110
11159
15359
405
9212
28900
25806
19838
19447
25467
27138
26038
24497
16429
29121
19675
20520
27650
16224
26272
25607
22917
17437
9017
19205
9170
4743
26243
29215
6130
21882
13956
9568
14405
903
5490
29914
19157
19688
18281
17070
18022
27958
19371
6496
23698
28157
26518
28216
20866
10903
10185
5155
25312
4052
20443
13111
12257
10843
3637
18945
22010
13528
10862
10684
1005
6310
7861
17005
5628
8772
15325
11015
6573
11069
25937
9817
3096
14485
18537
27401
15668
29146
18773
27828
2188
10288
15493
22365
28028
9961
23355
10375
23381
23960
7838
26833
18354
29510
21632
29810
16286
5231
11576
20202
9246
27574
27836
2189
15554
10586
19106
10886
12547
25864
6688
10746
27342
16192
10578
2307
3761
17911
11809
1682
3270
28677
18769
28050
26163
18336
12718
23553
24321
12035
8073
2131
7839
16899
10032
11733
2400
23416
11792
5974
16210
11406
21916
8034
22117
10964
2683
12800
621
3247
20427
2635
20040
23250
9663
22637
4239
29834
14240
10978
12864
12114
18745
7137
11909
19798
4182
2212
29991
8983
18584
2813
680
19210
10221
18132
19632
8893
20557
4106
4447
487
12898
22408
20911
16551
9995
24001
3646
9988
28756
29096
7477
14819
29095
19639
25014
15539
28043
7144
10871
17985
23096
23486
5287
1366
13922
23721
14291
10101
9624
17251
6190
5005
5500
23751
19500
2541
16507
15746
6284
18887
2325
16035
1427
24697
6074
11381
18100
28265
